9.385361799537181859e-01
6.020242861835042092e+00
2.633491387090898694e+00
1.825885107551906472e+00
3.392497409246925666e-01
3.391925838292103590e-01
1.196775372173613516e-01
4.022461728959878968e+00
1.838164307254529062e+00
2.462500123409180564e+00
4.159861599827724410e-02
7.007114950316624125e+00
3.572859086709350152e+00
4.773752504978939770e-01
4.013579774993267235e-01
4.052228456645141086e-01
7.255074589209542513e-01
1.487855661721708911e+00
1.131074133560673323e+00
6.884459851078830184e-01
1.892741747799597363e+00
3.004690574546773352e-01
6.910310240048045394e-01
9.125544364416940946e-01
1.217869375719550007e+00
3.075872022061823863e+00
4.454717242573805747e-01
1.444058310066255402e+00
1.795009442619521112e+00
9.512769951281709047e-02
1.870666041299220206e+00
3.739225039548328411e-01
1.345278617586084802e-01
5.947375587013861598e+00
6.741260684922345092e+00
3.304663145625753362e+00
7.265757199375165731e-01
2.055546300050124786e-01
2.305501526197323514e+00
1.160181685170796673e+00
2.603044679088972746e-01
1.367094456268300284e+00
6.998744288695817051e-02
4.800845774786047571e+00
5.989155536813721703e-01
2.172511597129960670e+00
7.470931633152473328e-01
1.468221791818457245e+00
1.582447595963595077e+00
4.087771990158114988e-01
6.985614265472452900e+00
2.984490754276281521e+00
5.610188838583164639e+00
4.504303995068393185e+00
1.822108824766550006e+00
5.098870758538810222e+00
1.853109179062312484e-01
4.362693892625348902e-01
9.256393137366390744e-02
7.870641736061736449e-01
9.842605835884371546e-01
6.331208864176514073e-01
3.529115730481867885e+00
8.824539990597403127e-01
6.596056802684984177e-01
1.564814166415491981e+00
3.037962956412577076e-01
3.240967191549462445e+00
1.549517376226180188e-01
8.668292679174639304e+00
2.958967552483022789e+00
4.430788810117718968e-01
1.107484075187094991e-02
3.379793554972251979e+00
2.454191814774089320e+00
2.611325817575997910e+00
2.950429052087026882e+00
1.538585310275926987e-01
8.877853448324649621e-01
2.463002092088993067e-01
3.977059143316445500e+00
1.952602383424748123e+00
8.036376025026019665e-01
1.313361316095657816e-01
7.449767008207074381e-01
7.866284263682626898e-01
2.615751567915481690e+00
2.029778717852039893e+00
4.364503824803029453e+00
1.278132266752619595e+00
2.547447872310037997e-01
2.498252688633198826e+00
2.860785506153728175e+00
1.647774989771657594e+00
2.947779933442729039e+00
1.361629463020555875e+00
1.479357677554534067e+00
1.115628387816854694e+00
5.149554798022745739e-02
2.283348703837316807e-01
6.386736258610764549e-02
2.023459101855098918e+00
7.547934175901996889e-01
1.420874354268380158e+00
4.762531059691951008e+00
5.734776459665966719e-01
1.056563949765345178e+00
2.817498295077166759e+00
5.196103138347880623e-01
1.602085571003527276e-01
6.842806077741141468e-01
3.516167170001257003e-01
5.309900171761249510e+00
3.301774160969138894e+00
2.006988381041062031e+00
4.103039461041626090e+00
3.255937881481112850e+00
4.129909527172781480e-01
4.461626810471122084e+00
1.550199803932343912e+00
3.294696582607132385e+00
4.528485298572462625e+00
7.654614328366369236e-01
2.331843202477016652e-01
5.173734922787627255e-01
1.114115385497228772e+00
3.407659453277890105e+00
3.942689943759666527e+00
1.395281836330129407e-02
1.429752318677111500e+00
1.080546641837342614e+00
5.023346765516489842e-01
2.553607830912936194e-01
8.238171597248649114e-01
5.726242245382299423e+00
7.807676057629487909e-01
1.462905611520303850e+00
2.428173953761709747e+00
9.039489979339246917e-01
7.135596276583399344e+00
6.564019729082795962e+00
5.801225899844105749e-01
1.375318556927694447e+00
7.158609201580935499e-01
6.704993527621634364e-01
7.516895553104506467e-02
1.880984141965186263e+00
1.397039265659276941e+00
1.057021747607849588e-01
6.532518420207387155e-01
4.777721902178680757e+00
5.477211042841541033e-01
3.130617219709395105e-01
1.344544218947272496e+00
8.488073965230519491e+00
5.542896271194523994e-01
2.230310020594586717e+00
2.867775252478925729e+00
5.426663446716115669e-01
2.605497856984632321e+00
9.170455985286080081e-01
2.001007495463542618e+00
2.007675654275276500e+00
1.534770499904697605e+00
1.892583176232419118e-01
3.607289588492593957e+00
7.736205873347932194e-01
4.128642132151130739e-01
8.325951958869040603e-02
1.787556809189166929e+00
2.263703468534697727e+00
3.345389511694123880e-02
1.435261169098976719e+00
5.136482941099153043e-01
2.072248683095383903e+00
3.832084450782675122e-01
2.348425055135438200e+00
9.779174019622035585e-01
5.520687635608614308e+00
2.958888268785578868e-01
8.342648679903434950e-01
2.408885700739928359e-01
5.172380794301447260e+00
4.196667414321987977e+00
5.966547401229778114e-01
2.157525478087829018e+00
3.398968145278442599e+00
1.620264721373016137e+00
1.508558820387892130e+00
5.537540908758062930e-01
1.954522809498814573e-01
4.550246450389045627e+00
4.613548855296853546e+00
2.005339838965769506e+00
8.280930196226478079e-01
8.591352316232878650e-01
2.588930859454236177e+00
4.548194698214504506e+00
4.362265138793226527e+00
3.027124383861806489e+00
2.054621387135409982e+00
1.757834523921681102e-01
3.525884293668229974e-01
4.576461000355011244e+00
1.864987893931179030e+00
1.847921122198881855e-02
2.139938028718986474e-01
2.178324774580481904e+00
1.014887410359400534e-02
3.506316322083981030e-01
1.591395692277863372e+00
2.354630573309625330e+00
2.110882964270497375e+00
5.078997346160489812e-01
2.490834577797077731e+00
5.416475181056118471e-01
7.872698178361688948e-01
2.744715103331581307e+00
2.097547628605536119e+00
3.783912154926801996e+00
2.143626576339524803e+00
1.680088611174514801e+00
1.967141228968209699e-01
9.168326144140400702e-01
6.163202957176623364e-01
5.594004073248425302e-01
7.224618812325851458e+00
9.987749940800475512e-01
4.452110422497045583e+00
1.994668771472966284e+00
3.167650505376799597e+00
1.396870648777540858e+00
1.720311805283170070e+00
1.356586866683386905e+00
4.344297906504769879e-01
2.563523606131607568e+00
6.591547367325258922e-01
4.923296216137722919e-02
2.073937572590547784e+00
3.898671404496453774e-01
5.642166294546606231e+00
6.155124825576046455e+00
4.927019769267682925e+00
9.245747929947334409e-01
3.115463074388876569e-02
5.271046914663779503e+00
1.117876554106122633e+00
6.801684032244112110e+00
6.627470952260410719e+00
3.834774034358837902e+00
6.975521363443205614e-01
9.725838641973871823e-01
3.809453304956159414e+00
7.622924628614341502e-01
3.714372325915095696e-01
1.627473984120455519e+00
5.502586941614083571e+00
2.381651195515874342e+00
1.688224672871311061e+00
2.044563946986457659e-01
1.909061431035435463e+00
9.221139495692634469e+00
3.018411732845283080e-01
1.460990649963007426e+00
4.197217275801588876e+00
2.700068496707340060e+00
2.388148850603346141e+00
2.424575112448979830e+00
8.909846846298982159e-01
6.951241685341903453e-01
3.314749014519424719e+00
3.322656398174057557e+00
4.035900094735829668e+00
4.889231923673272640e+00
1.432186473865807441e+00
1.392368755102398437e+00
3.201899864616974956e+00
2.099438149775600504e+00
2.421101297023033894e+00
3.177238949908409715e+00
4.414646952693534132e+00
8.249648142753084334e-01
9.418735774551126871e-01
1.973920783747211138e-01
1.726828053218869341e+00
7.320820842171399390e-02
1.253213896364219204e+00
1.564589171374251908e+00
6.752613206290449810e-01
1.787265060292350549e+00
6.195012420294909034e-02
7.612699856557876565e-02
3.458702739076271904e+00
8.931700484154894149e-01
2.717780825948559742e-01
1.477307176558031232e+00
2.939295880891470425e+00
4.862360068598067242e-01
1.950439237312985741e+00
1.784220579797945738e-01
1.061301918206188077e-01
1.515817881251041888e+00
1.555820885389484376e+00
2.029074896409231776e+00
2.589921125833368531e+00
7.447114017399985464e+00
1.452582238460712549e+00
7.800394282119575973e-01
3.171307959465372583e+00
6.317029308722745817e-01
1.155966862546602636e+00
1.634103371673397975e-01
5.135521908294875953e-02
6.574759846537204133e+00
3.615535284230125157e+00
2.381285465598683260e+00
1.051719288930283769e+00
3.806130722842174796e-01
3.402414831457082900e-01
5.760119782531671895e-01
1.593581296626629173e+00
2.507698575553551468e+00
2.158780699393596958e+00
6.568245227779918594e-01
6.196206997112613024e+00
2.678034809750452716e+00
1.616460963862662581e+00
1.892060944074870132e+00
1.088075731064102714e+00
5.693225845481270087e-01
8.800282586462248036e-01
2.836363695513426375e+00
2.899615944160855233e-02
2.467607844799520889e-01
9.418875390504105605e-02
8.316290383458485591e-02
3.868406067231317191e+00
2.432481223401376624e+00
1.285569188825784748e+00
2.059138368956265064e-01
1.353035931594466446e+00
1.282900664188742379e+00
3.803894256004499708e-01
1.137798262604647670e+00
1.016673229166413783e+00
1.913444865826269048e+00
2.016229072081824114e+00
9.272464804106946012e-02
9.387680093101230527e-01
1.966249989565457046e+00
1.398878905215579449e+00
3.882698906350877444e+00
2.149949528109995622e+00
3.557057375346146522e-01
1.463648725124816752e-01
2.056788294217782198e+00
5.373814533478885741e-02
1.762694755614581332e+00
5.634510910774303660e+00
1.713564891155088921e+00
9.826013844478145298e-01
2.061654315689963823e+00
1.225911948102182514e+00
1.577628721152640301e+00
5.676254292465998219e+00
9.758550547003742581e-01
6.498183723013507773e+00
4.715152367539838352e+00
4.357925218809000079e-01
1.437683106063140370e-01
2.124506709632604240e-01
3.677977569446740785e-02
1.984100233115082823e-01
2.297749745154334278e+00
1.476992538928540433e-01
7.683143765897370026e-01
3.727052080194554140e+00
4.709400636142301727e-02
3.369061012371917130e+00
6.621669336792589400e-01
2.515002396582152744e-01
2.386310816879826824e+00
1.982798352866440572e+00
4.198831628173893549e+00
2.656587157528800702e+00
3.253991611987956389e+00
6.626677246134771160e-01
3.906665920808939374e-01
2.777512792010849552e+00
3.288418366486839162e+00
9.314009780280461115e+00
1.064158708305209977e+00
9.304878239234654069e-01
2.995909006687174081e+00
8.334673418615062834e-01
5.340275848798652802e+00
3.909678314332498239e+00
1.120711218884319349e+00
2.779569432990922184e+00
2.809265973710034281e+00
2.176750376134360399e-01
4.656891361735263857e+00
1.407414979513508690e+00
3.502665115046660116e+00
7.714708523290165765e-01
4.517581029091852329e+00
9.859769081203424435e-01
2.179361323035095693e-02
4.715814593924907427e+00
1.914512210969505079e-01
7.693072667700777689e-01
5.993944766376571032e+00
6.015899080207979033e+00
1.703994582110527567e+00
1.998460160781049266e+00
1.190029327245715196e+00
6.940455574923940496e-01
7.969726691007794628e-01
2.232647159857012564e+00
2.791675747326154422e+00
3.136390832442297327e+00
3.117662063697483443e+00
1.912738930806388848e-01
1.364099193146711908e+00
1.185634128974755869e-01
1.594922631390785828e+00
1.165110549974567089e+00
4.373237328441602401e+00
8.643832389357701818e-01
2.490119551049017332e-01
3.086153090842387314e-01
2.866861094158187573e+00
1.925811359496069963e+00
2.132174244907708849e-01
1.757110433372101599e-01
2.414416943306199492e+00
1.510921790515942775e-01
3.450371707617162720e+00
2.449999506260009952e+00
1.696975011606241257e-01
1.773077355556133827e-01
8.630917124116184169e+00
9.376751651045791558e-01
9.261105209506249603e-01
3.351150806565354134e+00
5.884329075926487462e+00
8.537547879203968293e+00
2.799798460232683528e+00
9.440419992382512726e-01
1.743879873959145177e-01
3.002485080909251369e+00
1.634720815122985949e+00
1.104066250609947453e+00
4.736475350956180996e+00
2.357604159437604874e-01
1.357010218745908547e+00
2.283717886508333794e-02
1.264708739165852469e+00
1.159008621318515508e-01
2.529819918623424368e-01
2.500524640149125455e-01
2.095136772813943171e+00
2.741195435192945506e+00
1.751107554405737066e+00
6.549440418204754089e+00
9.395931558405343775e-01
6.729383148411174353e-01
4.059005076340459262e+00
5.061641354637067547e-01
6.605740212503821596e+00
2.445788871793861535e-02
7.005053845758963504e+00
8.823799723700379016e-02
4.435442458320017600e+00
1.500286500698780667e+00
9.913657215852065718e+00
1.533227519089098712e-01
1.614219327466697607e+00
6.967150442512010322e+00
1.480887866362087912e+00
1.985256580762374767e+00
2.379802476233548347e+00
1.212255511353901749e+00
1.975348346016044143e+00
1.755651723611511228e+00
4.628465538965294890e+00
9.302292348696195035e-02
6.596854517975169196e-01
6.007992011721862369e+00
4.419351656906972181e+00
1.216350523919240034e+00
1.935866057477954483e+00
6.497468397902602666e-01
4.168083228721289890e-01
1.246117197608197502e+00
8.719070692334667250e-01
1.752487412013286061e+00
1.618445688663695814e-01
7.329920245045134841e+00
8.567731151105077103e+00
2.395727763825578727e+00
1.536156868824179789e+00
7.407586031087199929e-01
3.361814334975993468e+00
2.308659167297631321e+00
3.549473082009767522e-01
4.836602183998254922e+00
3.457989022734542672e+00
5.983477050066872138e+00
2.587208008392268610e+00
1.900808039182745546e+00
1.083405013186226729e+00
5.398036723094236322e+00
4.020784760093840227e+00
9.254587730624556918e-02
5.344163373302272813e-02
9.446955231665257191e-01
3.327295445992172418e+00
8.728550936440335306e+00
3.260190198689593699e-01
1.803448260431471439e+00
9.589473995161922337e-01
7.007417108751925028e+00
3.691826414867269257e+00
3.644380092939714544e+00
1.264831142279547072e+00
1.071669872654698041e+00
6.387777843001224420e-01
1.160539276896724314e-01
4.000852280006620632e+00
3.352234878499845916e+00
1.634489119563616555e+01
1.138974680148866625e+01
1.621303185282787940e+00
2.930566180412521593e+00
5.792343365748871875e+00
3.789544029418491444e+00
5.683048891622930476e-01
1.197653654799728962e+00
2.765926886261773077e-01
6.160447572883417600e+00
1.863695405177236308e+00
5.192074508369673991e-01
2.227659078346500454e+00
1.925340869486143358e+00
8.868409245942121544e-01
2.410782427969385411e-01
2.226882567038204197e+00
1.469220848372075450e+00
2.959614161921030107e+00
1.468619720847030186e+00
3.823540222616967910e+00
1.605508238042975044e+00
1.646229161960294229e+00
4.185517286459543129e+00
1.033294627976234059e+00
2.877759107805978878e-01
5.841004286418936819e-02
2.814114905325171279e+00
1.936797934121359255e+00
2.435330695595752992e+00
4.789629869868869405e-01
2.932251024565573072e-01
2.930295253133756439e-02
8.633745230301385076e-01
1.782794751329889182e+00
9.959637351223014079e-01
1.150639125656862438e+00
4.690123045962883097e+00
8.562052288502234321e-01
1.443050056144642213e+00
3.061743475439403284e+00
1.010160262598359449e+00
1.946180950706170698e+00
3.966281287368613295e+00
5.972380830749335345e+00
3.181637586296719444e-01
5.223325526084157566e+00
1.355005561991061258e+00
5.974709087027915144e-01
1.229173934741395025e+00
7.827306195161183311e+00
1.356982585334719493e+00
7.972320642009995684e-01
2.006972547915319094e+00
5.492569354312059060e-01
1.577906099524700734e-01
2.759504394248317172e-01
2.740368481340142437e-01
3.295198031133459438e-01
2.989201321350331009e-01
2.048168102151612935e+00
4.014927140689632523e-01
8.482786315896104767e-01
4.541948250256715447e+00
1.284762283293187313e+00
2.202578167304761081e+00
3.782570342264329755e-01
4.271019619901901265e-01
8.345442543513061084e-02
3.700946881311617531e-01
6.530962372622910461e-01
3.896236349662158815e-01
1.857718157207351450e-01
2.571124269867050560e-01
1.235258686730758226e+00
4.621844126901931693e-01
9.059622310218370389e-01
1.400010369428660750e+00
2.344914868025084420e+00
8.021146020003085131e-02
3.212988487652239211e+00
1.977187380734592770e+00
1.705908607526685217e-01
4.136269396976181234e+00
5.073387092757855932e+00
1.260456551203268105e-01
6.483536862573016091e-01
3.281870366453285115e+00
2.758714480428616778e+00
4.079592641236009509e-01
4.697980623630664820e-01
9.255702200487394560e-01
1.325325129337228791e+00
1.926003668117103995e+00
9.206251260007023429e-01
1.241782218441835228e+00
2.752457880779684896e+00
7.474590464295692571e-02
5.818732437647944344e-01
2.498983749912051522e+00
4.511533508661226932e+00
1.433558224416801696e+00
1.519059004706137861e+00
2.267226770813267622e-01
1.186286492167101692e+00
1.521213598110579879e+00
5.553856065213066406e-01
6.273492237570876817e-01
9.473299696049439778e-01
4.055072150062902919e-02
7.774495225122715070e-01
4.751138712472597336e-01
7.934984604639653272e-01
2.551262065695625303e-01
4.424159799886049349e+00
1.800797627759119557e+00
2.273265915786063296e+00
3.113418064755582471e+00
1.380072843697770280e+00
1.818641890349116941e-01
1.540516726589645113e+00
1.767846115742747193e+00
2.736433297616818638e+00
1.130069298765964181e+00
2.729693334586244524e-01
6.675243605234078004e-01
9.022296509492468974e-01
2.076449223243723274e+00
1.691563442402839179e+00
8.804135193036123352e-01
8.612391544339624616e+00
1.861666016934418577e+00
5.415890575135998697e-01
2.146860092497737127e-01
3.317765851796517507e-01
5.646136987902818927e-01
3.503297499085880617e-01
4.129834909091608108e-01
6.712116964308930678e-01
3.808048673257740102e-01
4.541502898711830660e+00
1.672714251840003163e-01
1.486824700225405360e+00
1.056611112978604661e+00
8.077284332031840819e+00
2.376546913948097972e-01
1.014515987484860826e+00
6.978119328253430176e+00
4.012488123936309492e+00
3.397326068072358929e+00
5.965501670670092516e-01
3.747990655729750986e-01
2.209119197363567100e+00
5.300770189919910891e+00
1.627300843809484476e+00
1.695455122917173041e+00
6.569500616213016508e-01
2.934947516824176983e+00
4.141559642921416873e-01
7.821756262384652603e-01
1.108289100139661087e+00
1.416969925289397025e+00
5.552251671392116616e-01
2.439665442882708868e-01
1.886399314858713039e+00
6.811267368730835603e-01
1.740906136584887243e+00
3.353295055413595960e-01
1.312242756057055093e+00
1.521094496258155626e+00
1.064293029142426572e-01
8.207672027608464704e-01
2.886986536638632139e-01
1.309445175450497656e-01
9.202402622790648579e+00
7.782600450388404978e-01
3.320141227539797235e+00
5.877776685868028039e-01
2.288282702040703054e+00
2.856132445656417218e+00
1.810893188338279503e+00
1.275713288090543518e+00
1.061515627010755525e+00
8.580866034079496218e-01
5.305112096441561675e+00
3.551214142283595887e+00
6.706352778831383254e+00
2.654570836722111027e-01
2.625102726921014984e+00
5.572254530522481097e+00
3.999116194015953640e-01
1.376206349449937416e-01
2.702786306377244152e+00
1.708854288397339438e+00
3.688154282642955639e+00
3.011164928283852071e-01
3.172100222063736208e+00
4.503595461340458850e-01
3.574303979310359813e-01
3.588893131199014097e-01
3.370206565128017306e+00
2.188427278031937817e+00
1.480751912692088723e+00
8.889228033561362707e-01
4.194405334588664935e+00
9.966254993948898688e-01
3.392165325696139266e+00
1.156549762227760736e+00
9.462391316354742399e-01
1.242322119799205149e+00
7.172905508612841263e-01
2.753554625873878781e+00
1.397205631391192027e+00
5.284850619941304783e-01
4.596679699101167138e+00
9.686634847174225849e-01
1.568564764355526941e+00
4.738991217419252777e+00
1.957598607714661432e+00
2.486292317155595066e-01
5.621233367864418184e+00
1.976153857869652475e+00
8.156526311026187637e-01
2.999536412328516199e-01
3.160002791360533969e+00
1.935551015125704710e+00
1.524827716098056340e+00
4.486606661072890745e+00
3.107980027392144073e+00
3.289826402526817573e-01
7.471251027916009368e-01
5.713392370976758672e-01
2.724736123736823057e+00
6.821507971567586370e-02
1.687427112772285964e+00
2.874827431719557680e+00
4.187334688771875868e+00
8.373491870901854650e-01
3.443615927082006145e+00
2.344877701975546791e-01
3.747487914423375255e+00
2.727592610561416775e-01
1.012629262419728615e+00
3.192010726652979802e+00
3.248435798408323416e-01
5.207860448895018646e-01
2.562086195289810853e+00
2.546192343983389339e+00
2.049688417474781588e+00
2.368003418175233854e+00
1.564938202391276345e+00
5.801673985188198213e-01
8.483663875865268267e-01
4.008025490330636709e-01
4.781752278647303456e+00
1.751218109273197099e+00
1.024491318958044683e+00
1.239815012642326630e+00
5.885647473994422008e+00
3.329391002570013525e-01
1.764889218217108091e+00
1.409988881586354603e+00
1.890688636006145451e+00
3.655236081299446937e-02
4.113387045081393190e+00
5.379977073382503860e+00
1.665430927886795365e+00
2.385741481051916413e+00
5.114938715691252469e+00
2.456794906785036314e+00
3.310210182482434260e-01
1.717404299705120430e+00
1.866441714068030056e+00
1.103749007845642227e+00
2.666980607766784139e+00
5.447353771524949373e+00
5.195752426108234623e+00
1.198728592607235299e+00
2.403574091035683702e-01
8.378347978241412974e+00
3.651436221636885637e+00
2.662919194341267781e-01
5.072615881926552106e+00
4.078847862453726769e+00
1.463102771937298430e+00
1.789427573658149750e+00
1.018329686818027158e+00
1.126362984865875716e-01
8.165297726014822954e-01
3.247615822132357444e+00
9.285568132685769610e-03
8.114277931803374200e-01
1.015556189709356349e+00
1.541766048247763532e+00
5.047850952306083272e+00
8.503542217815801552e-01
8.522129719169905249e-01
2.675017903331131208e+00
1.203755546984678793e+00
5.087649474054507515e-01
1.204564701152310180e+00
3.036398438627740948e-01
3.881090064161935027e-01
1.379776085605635361e+00
1.085752432512014032e+00
4.926585470505625786e+00
9.000691660794565285e-01
1.737804767570543918e+00
2.000781545035696052e+00
2.636188965131845349e-02
2.178536394071977966e+00
3.921172803984964150e-01
6.491996544544853087e+00
3.218938086203601556e-01
1.071002229073213741e+00
1.784268753010062603e-01
1.153616323030151847e+01
1.395093731316452201e+00
1.809638648177891440e+00
1.388641016565083375e-01
2.772272510431998072e+00
4.712056765005264158e-01
4.566629713623260756e+00
4.591776563216666829e-01
4.231408596176317038e-01
7.446868371534433317e-02
1.277571586590927843e+00
1.664088207352361071e+00
1.359338803583129418e-01
2.988005187196744572e+00
1.207669300587243422e+00
1.486315309185193723e+00
1.162362943575160568e+00
1.024196402549842677e+00
1.640326914275749504e+00
3.374060135219109635e-01
4.016101724172509990e-01
3.957898656592280684e+00
5.841823418529370926e+00
9.346043749502771503e-01
6.314627313853320434e-01
2.065646530188914198e+00
1.050979135214492599e+00
5.142829746529405804e-02
3.395672065990212318e-01
2.517366519706091044e+00
2.151299564635071437e+00
5.493971576888019570e-02
5.019859477334099873e-01
5.255231579018619925e-01
2.228829445655703623e+00
3.981476258427880943e-02
2.198721172027456316e-01
3.218036854592483120e+00
3.933554189035706750e-01
2.115398177841153693e+00
5.440972444179904555e-01
2.094800669697426398e-01
5.572390328228945533e-01
2.562189626194063763e+00
3.871672674907859157e+00
3.546501999951128692e+00
1.012284978950176884e+00
2.205753556809189941e+00
4.587868206579615582e-01
6.938671772250336600e-01
4.533197257261808666e+00
2.617437679257000535e-02
1.787742792608982556e-01
4.661005604796303881e-01
5.378107044863376929e-02
4.004060065805455371e-01
1.749537457488733239e+00
1.094372636735600812e+00
4.463726041643655051e+00
3.401391806038956744e+00
8.365456103380640718e-01
6.006525042945570769e-01
9.550796162170754888e-01
1.784635500286610554e+00
6.241234196305457393e-01
1.957124491094175189e+00
1.053272078559622349e+00
1.606134733029688899e+00
1.145850790182224133e+00
6.975999505246662791e-01
5.930534442304407072e+00
2.884509007465272390e+00
3.019089962460417276e-01
4.057009855438647783e+00
1.336640659323832914e+00
4.499078980579486853e+00
3.217428907859800624e+00
1.107513238517214615e+00
4.545117895508023198e-02
6.258010955529733632e-01
1.560175511359592537e+00
2.007394663869072726e+00
5.965093598578777856e-01
3.001488376614310782e-01
3.602774174324783196e+00
8.321248326374467652e+00
1.491789093944173805e+00
3.767097273201478469e-01
6.357529434578657046e-01
3.712377482153201430e-02
4.913777055387114068e+00
2.505620876924060103e-01
1.718481337736311731e+00
6.405626572055858059e-01
1.615671030813970566e+00
2.107777267972053892e+00
3.540878384844720284e+00
4.624050550090716971e-01
2.211345926339439161e-02
2.944161413747810596e-01
4.605543057706363186e+00
4.141202704106245136e+00
1.819688620392984957e+00
1.835167437010693847e+00
2.187468458815025052e+00
3.856440572771043240e-01
4.916419121542602966e+00
1.085219268692636074e+00
9.662215986557368685e-01
1.463433865245362009e+00
9.620932858395443710e-02
3.637234100985446417e-01
2.679078180847926482e+00
1.728565513436871870e-01
1.848404437970231129e+00
5.630000672008815821e-01
9.862845138503767428e-01
6.813043839082919551e-01
8.790969554457069846e-01
2.539127973277373496e+00
7.051430792111017531e-01
1.671287061411404373e+00
1.292719573380523457e+00
2.179331846185356802e+00
5.523843295025938183e+00
2.637810542510085732e+00
4.839912264880946169e-01
6.335935764851569063e-02
6.083386040111757875e-01
1.808121303746194508e+00
1.055905561995493652e-01
1.371811912052377735e+00
1.816857679975120377e+00
8.136637558762007671e-01
2.947299918293469378e+00
2.254378295293559820e-01
1.562210115844940295e-01
2.605294820432785485e+00
1.368340453326137185e+00
2.332085311466281841e+00
1.141247998257714613e+00
5.657925075170632256e-01
3.419647397142391743e+00
3.213043127920379938e+00
2.372897639418242832e+00
6.353072299760641473e-01
1.784321759446928501e+00
8.956199511596441010e-01
1.921014692133064528e-01
4.985399687075283026e+00
2.942608976390400644e-01
6.000981306245525282e+00
1.181202025581744364e+00
